$ANSIBLE_VAULT;1.1;AES256
36313039643733393764333230653664323837656237383565343534333865646163343934353064
6637363566313136366265316434313765616165623832360a623731353536613634396463333636
32323963316663643430316537663932626632646333386163633839373936316663353665366163
3263623038396437630a336262653463346531373834613565643436356330373362366235336237
34666561633731396638616438323130323465313064303236323338613339386438373539326661
38363531666364376132333734323034376265376233303830323334323561313636646663623939
64666164613761653037333038646131373830616363386535393334616133396631363937393665
35346635636531316264306637626163663961356366666265316364656133636432353464363664
66383065323637346139643566343466383036653234656664383730353931326538313132373936
30363866616638363131653764346539343063656463626238346462633363643131613962633537
61313338613764306136656433393462356237663131356164663034633738346639656562666565
35636164663961613639376137626130653263373862653637393331643636613965383565316633
33613133626563336363613230633361623564393163306665653838643031346633656130363364
33383337396433383634656134386331666633313837303735343432353033616436663463356566
64393037313232656337643032626261656630613139373035663065613865386262316239313034
30613839313633623063383233343135326138626466356664383763643136333633393433656430
31356662383366313666613261326539353235663532376532313037333534323639393838336638
33386365316339383664343830666630643232393565346161643364373166386539636131623031
30646237663333633333306132343935363831663534353434336265396663623230623731643732
30343566353762386263623836333566323437303631346432353339663834393366393130373031
33643435303162336339353737616636663066353863366637666337356337376339613166303061
37356662373235616232613663366563383331613963386137313363383030346363656166326130
39336337323339613861306363336362303134653037623162306539383532346434623930633531
36653833633935303532656464653466323766636564653335386433396465666266666236393738
36366133346639376639623965656333376538383730613231393338336431666539663664633964
65363835633661313466356632393863623065373237633962313263663764306664623464333136
33616361303866623165373765626636323939326264326130663766366466313734663339326430
62363434356430306237373434633065626665333066636630643864303733343634343038633439
36313236636165323134323334313430353437653638653766633233313633643431
