$ANSIBLE_VAULT;1.1;AES256
63316666356639306238363430346130303061653033336530386638306363656438626361633535
3332623835343539303561666137636463633464666435630a623762666364356461356462343864
33333235643165356461666633313936323631323864356232393061386536623561366361616131
6536353336653638630a343231326464613663376139353037383436333139386365666333336637
32633336623263373861646531636366393437393930613730373536666630623635613431353033
66386266353436366636666534623961306665636331306131373030653839373138666538326166
66366363646262626565616434333233626263306637323332353161663338333436653337376462
33363132366437346565303666366537393164643363653261323231393530323235376464313933
39643838643533376633393634613733636133356661353537373434643463313938363437663131
65373234653764313431666530323963383937343238323734613335396534363261326665336565
37373430386436366161613261303637313565353838356463623065626638326530353632353934
36303331303736346539633063376539643933633865376136303262313738643361626366306164
39353034353133363838363538303838353634653065396239616337383332653134323038376239
33373637303538396463323962303937356164376464663932323561623661323534306634303961
62313164383632616663336332373162366436623038363433663462613134386263616136366634
34356235393636643932313263333563343631376131663464393136633463653339616534343430
30633733613537313231333062333632383234383266616530346239636130393466303539643839
37393261623531653932346639313162393730363933633664353235303032656435343730646634
37653365303564396436663363303333306538386166633933366666373631643532396230666562
36373532383966393235333133346132623639386235323463653663653863626566626536646532
31303437366336343438623766636466303636653032306130616134376336313033643662613862
33306236636636383464346134663739646235336232343438386530346138633062623935373830
35316331643831316364653661623062343363663864653438373666303436633261373366613731
62303235643035323037653232333038373738396462316232663135346132376365636566363636
63363136313437376633343261646336393765656435656439666235383236663264386235643065
64333538346631393765356164326538323136343933353863393066646162333830656531646661
36333864636662633735393063653538626661343238636331336436646265363161303135626432
65656235623031643036623334356233373937323761626334313531373663636135633032646562
32653962646362626464313333623162393134313364646334346335353235393866
